0 0.5712765957446808 0.7822222222222223 0.19361702127659575 0.4311111111111111
0 0.7 0.7711111111111111 0.0851063829787234 0.1288888888888889
0 0.7595744680851064 0.8977777777777778 0.12340425531914893 0.2
0 0.46382978723404256 0.25 0.10638297872340426 0.18888888888888888
0 0.5680851063829787 0.2788888888888889 0.08936170212765958 0.14444444444444443
0 0.7265957446808511 0.18333333333333332 0.10851063829787234 0.18888888888888888
0 0.798936170212766 0.06666666666666667 0.07021276595744681 0.08
0 0.8 0.15555555555555556 0.10638297872340426 0.12444444444444444
0 0.8765957446808511 0.19555555555555557 0.1276595744680851 0.13333333333333333
0 0.9234042553191489 0.31333333333333335 0.09361702127659574 0.10666666666666667
0 0.5117021276595745 0.49333333333333335 0.08297872340425531 0.11555555555555555
1 0.6308510638297873 0.42333333333333334 0.17659574468085107 0.14444444444444443
1 0.5053191489361702 0.45444444444444443 0.12978723404255318 0.22444444444444445
1 0.6563829787234042 0.23222222222222222 0.09574468085106383 0.23777777777777778
1 0.7297872340425532 0.6044444444444445 0.15319148936170213 0.23555555555555555