1 0.48404255319148937 0.4777777777777778 0.1425531914893617 0.23555555555555555
1 0.4946808510638298 0.6555555555555556 0.125531914893617 0.2
1 0.6787234042553192 0.7177777777777777 0.1574468085106383 0.2222222222222222
1 0.7202127659574468 0.3433333333333333 0.15106382978723404 0.18444444444444444
0 0.37872340425531914 0.4255555555555556 0.11063829787234042 0.14444444444444443
0 0.5446808510638298 0.22666666666666666 0.11063829787234042 0.2
0 0.5702127659574469 0.6711111111111111 0.06382978723404255 0.13333333333333333
0 0.46914893617021275 0.7944444444444444 0.1127659574468085 0.12222222222222222
0 0.5595744680851064 0.8855555555555555 0.14468085106382977 0.2111111111111111
0 0.6148936170212767 0.3244444444444444 0.08936170212765958 0.1288888888888889
0 0.6478723404255319 0.0811111111111111 0.08297872340425531 0.14
0 0.6936170212765957 0.21333333333333335 0.11063829787234042 0.1511111111111111
0 0.9095744680851063 0.34444444444444444 0.09574468085106383 0.12444444444444444
0 0.8297872340425532 0.40444444444444444 0.10638297872340426 0.2