0 0.11702127659574468 0.2811111111111111 0.23404255319148937 0.3488888888888889
0 0.6659574468085107 0.73 0.19574468085106383 0.4866666666666667
0 0.34361702127659577 0.45555555555555555 0.09148936170212765 0.16
0 0.3819148936170213 0.6266666666666667 0.15106382978723404 0.18666666666666668
0 0.20106382978723406 0.7366666666666667 0.10425531914893617 0.14444444444444443
0 0.2797872340425532 0.9022222222222223 0.1425531914893617 0.19111111111111112
0 0.6117021276595744 0.29444444444444445 0.09148936170212765 0.14444444444444443
0 0.5819148936170213 0.4666666666666667 0.12978723404255318 0.17777777777777778
1 0.5159574468085106 0.26 0.15531914893617021 0.19555555555555557
1 0.502127659574468 0.4688888888888889 0.1276595744680851 0.2311111111111111
1 0.5648936170212766 0.6588888888888889 0.08297872340425531 0.2111111111111111
1 0.4542553191489362 0.81 0.16382978723404254 0.19777777777777777
1 0.3170212765957447 0.7888888888888889 0.1574468085106383 0.2088888888888889